RT78FullRawCapUpperLimit = {
	3600, 3600, 3600, 3600, 3600, 3600, 3600, 3600, 3600, 3600, 3600, 3600, 3600, 3600, 3600, 3600, 3600, 3600, 3600, 3600, 3600, 3600, 3600, 3600, 3600, 3600, 3600, 3600, 3600, 3600, 3600, 3600,
	3600, 3600, 3600, 3600, 3600, 3600, 3600, 3600, 3600, 3600, 3600, 3600, 3600, 3600, 3600, 3600, 3600, 3600, 3600, 3600, 3600, 3600, 3600, 3600, 3600, 3600, 3600, 3600, 3600, 3600, 3600, 3600,
	3600, 3600, 3600, 3600, 3600, 3600, 3600, 3600, 3600, 3600, 3600, 3600, 3600, 3600, 3600, 3600, 3600, 3600, 3600, 3600, 3600, 3600, 3600, 3600, 3600, 3600, 3600, 3600, 3600, 3600, 3600, 3600,
	3600, 3600, 3600, 3600, 3600, 3600, 3600, 3600, 3600, 3600, 3600, 3600, 3600, 3600, 3600, 3600, 3600, 3600, 3600, 3600, 3600, 3600, 3600, 3600, 3600, 3600, 3600, 3600, 3600, 3600, 3600, 3600,
	3600, 3600, 3600, 3600, 3600, 3600, 3600, 3600, 3600, 3600, 3600, 3600, 3600, 3600, 3600, 3600, 3600, 3600, 3600, 3600, 3600, 3600, 3600, 3600, 3600, 3600, 3600, 3600, 3600, 3600, 3600, 3600,
	3600, 3600, 3600, 3600, 3600, 3600, 3600, 3600, 3600, 3600, 3600, 3600, 3600, 3600, 3600, 3600, 3600, 3600, 3600, 3600, 3600, 3600, 3600, 3600, 3600, 3600, 3600, 3600, 3600, 3600, 3600, 3600,
	3600, 3600, 3600, 3600, 3600, 3600, 3600, 3600, 3600, 3600, 3600, 3600, 3600, 3600, 3600, 3600, 3600, 3600, 3600, 3600, 3600, 3600, 3600, 3600, 3600, 3600, 3600, 3600, 3600, 3600, 3600, 3600,
	3600, 3600, 3600, 3600, 3600, 3600, 3600, 3600, 3600, 3600, 3600, 3600, 3600, 3600, 3600, 3600, 3600, 3600, 3600, 3600, 3600, 3600, 3600, 3600, 3600, 3600, 3600, 3600, 3600, 3600, 3600, 3600,
	3600, 3600, 3600, 3600, 3600, 3600, 3600, 3600, 3600, 3600, 3600, 3600, 3600, 3600, 3600, 3600, 3600, 3600, 3600, 3600, 3600, 3600, 3600, 3600, 3600, 3600, 3600, 3600, 3600, 3600, 3600, 3600,
	3600, 3600, 3600, 3600, 3600, 3600, 3600, 3600, 3600, 3600, 3600, 3600, 3600, 3600, 3600, 3600, 3600, 3600, 3600, 3600, 3600, 3600, 3600, 3600, 3600, 3600, 3600, 3600, 3600, 3600, 3600, 3600,
	3600, 3600, 3600, 3600, 3600, 3600, 3600, 3600, 3600, 3600, 3600, 3600, 3600, 3600, 3600, 3600, 3600, 3600, 3600, 3600, 3600, 3600, 3600, 3600, 3600, 3600, 3600, 3600, 3600, 3600, 3600, 3600,
	3600, 3600, 3600, 3600, 3600, 3600, 3600, 3600, 3600, 3600, 3600, 3600, 3600, 3600, 3600, 3600, 3600, 3600, 3600, 3600, 3600, 3600, 3600, 3600, 3600, 3600, 3600, 3600, 3600, 3600, 3600, 3600,
	3600, 3600, 3600, 3600, 3600, 3600, 3600, 3600, 3600, 3600, 3600, 3600, 3600, 3600, 3600, 3600, 3600, 3600, 3600, 3600, 3600, 3600, 3600, 3600, 3600, 3600, 3600, 3600, 3600, 3600, 3600, 3600,
	3600, 3600, 3600, 3600, 3600, 3600, 3600, 3600, 3600, 3600, 3600, 3600, 3600, 3600, 3600, 3600, 3600, 3600, 3600, 3600, 3600, 3600, 3600, 3600, 3600, 3600, 3600, 3600, 3600, 3600, 3600, 3600,
	3600, 3600, 3600, 3600, 3600, 3600, 3600, 3600, 3600, 3600, 3600, 3600, 3600, 3600, 3600, 3600, 3600, 3600, 3600, 3600, 3600, 3600, 3600, 3600, 3600, 3600, 3600, 3600, 3600, 3600, 3600, 3600,
	3600, 3600, 3600, 3600, 3600, 3600, 3600, 3600, 3600, 3600, 3600, 3600, 3600, 3600, 3600, 3600, 3600, 3600, 3600, 3600, 3600, 3600, 3600, 3600, 3600, 3600, 3600, 3600, 3600, 3600, 3600, 3600,
	3600, 3600, 3600, 3600, 3600, 3600, 3600, 3600, 3600, 3600, 3600, 3600, 3600, 3600, 3600, 3600, 3600, 3600, 3600, 3600, 3600, 3600, 3600, 3600, 3600, 3600, 3600, 3600, 3600, 3600, 3600, 3600,
	3600, 3600, 3600, 3600, 3600, 3600, 3600, 3600, 3600, 3600, 3600, 3600, 3600, 3600, 3600, 3600, 3600, 3600, 3600, 3600, 3600, 3600, 3600, 3600, 3600, 3600, 3600, 3600, 3600, 3600, 3600, 3600,
	3600, 3600, 3600, 3600, 3600, 3600, 3600, 3600, 3600, 3600, 3600, 3600, 3600, 3600, 3600, 3600, 3600, 3600, 3600, 3600, 3600, 3600, 3600, 3600, 3600, 3600, 3600, 3600, 3600, 3600, 3600, 3600,
	3600, 3600, 3600, 3600, 3600, 3600, 3600, 3600, 3600, 3600, 3600, 3600, 3600, 3600, 3600, 3600, 3600, 3600, 3600, 3600, 3600, 3600, 3600, 3600, 3600, 3600, 3600, 3600, 3600, 3600, 3600, 3600,
	3600, 3600, 3600, 3600, 3600, 3600, 3600, 3600, 3600, 3600, 3600, 3600, 3600, 3600, 3600, 3600, 3600, 3600, 3600, 3600, 3600, 3600, 3600, 3600, 3600, 3600, 3600, 3600, 3600, 3600, 3600, 3600,
	3600, 3600, 3600, 3600, 3600, 3600, 3600, 3600, 3600, 3600, 3600, 3600, 3600, 3600, 3600, 3600, 3600, 3600, 3600, 3600, 3600, 3600, 3600, 3600, 3600, 3600, 3600, 3600, 3600, 3600, 3600, 3600,
	3600, 3600, 3600, 3600, 3600, 3600, 3600, 3600, 3600, 3600, 3600, 3600, 3600, 3600, 3600, 3600, 3600, 3600, 3600, 3600, 3600, 3600, 3600, 3600, 3600, 3600, 3600, 3600, 3600, 3600, 3600, 3600,
	3600, 3600, 3600, 3600, 3600, 3600, 3600, 3600, 3600, 3600, 3600, 3600, 3600, 3600, 3600, 3600, 3600, 3600, 3600, 3600, 3600, 3600, 3600, 3600, 3600, 3600, 3600, 3600, 3600, 3600, 3600, 3600,
	3600, 3600, 3600, 3600, 3600, 3600, 3600, 3600, 3600, 3600, 3600, 3600, 3600, 3600, 3600, 3600, 3600, 3600, 3600, 3600, 3600, 3600, 3600, 3600, 3600, 3600, 3600, 3600, 3600, 3600, 3600, 3600,
	3600, 3600, 3600, 3600, 3600, 3600, 3600, 3600, 3600, 3600, 3600, 3600, 3600, 3600, 3600, 3600, 3600, 3600, 3600, 3600, 3600, 3600, 3600, 3600, 3600, 3600, 3600, 3600, 3600, 3600, 3600, 3600,
	3600, 3600, 3600, 3600, 3600, 3600, 3600, 3600, 3600, 3600, 3600, 3600, 3600, 3600, 3600, 3600, 3600, 3600, 3600, 3600, 3600, 3600, 3600, 3600, 3600, 3600, 3600, 3600, 3600, 3600, 3600, 3600,
	3600, 3600, 3600, 3600, 3600, 3600, 3600, 3600, 3600, 3600, 3600, 3600, 3600, 3600, 3600, 3600, 3600, 3600, 3600, 3600, 3600, 3600, 3600, 3600, 3600, 3600, 3600, 3600, 3600, 3600, 3600, 3600,
	3600, 3600, 3600, 3600, 3600, 3600, 3600, 3600, 3600, 3600, 3600, 3600, 3600, 3600, 3600, 3600, 3600, 3600, 3600, 3600, 3600, 3600, 3600, 3600, 3600, 3600, 3600, 3600, 3600, 3600, 3600, 3600,
	3600, 3600, 3600, 3600, 3600, 3600, 3600, 3600, 3600, 3600, 3600, 3600, 3600, 3600, 3600, 3600, 3600, 3600, 3600, 3600, 3600, 3600, 3600, 3600, 3600, 3600, 3600, 3600, 3600, 3600, 3600, 3600,
	3600, 3600, 3600, 3600, 3600, 3600, 3600, 3600, 3600, 3600, 3600, 3600, 3600, 3600, 3600, 3600, 3600, 3600, 3600, 3600, 3600, 3600, 3600, 3600, 3600, 3600, 3600, 3600, 3600, 3600, 3600, 3600,
	3600, 3600, 3600, 3600, 3600, 3600, 3600, 3600, 3600, 3600, 3600, 3600, 3600, 3600, 3600, 3600, 3600, 3600, 3600, 3600, 3600, 3600, 3600, 3600, 3600, 3600, 3600, 3600, 3600, 3600, 3600, 3600,
};

RT78FullRawCapLowerLimit = {
	650, 650, 650, 650, 650, 650, 650, 650, 650, 650, 650, 650, 650, 650, 650, 650, 650, 650, 650, 650, 650, 650, 650, 650, 650, 650, 650, 650, 650, 650, 650, 650,
	650, 650, 650, 650, 650, 650, 650, 650, 650, 650, 650, 650, 650, 650, 650, 650, 650, 650, 650, 650, 650, 650, 650, 650, 650, 650, 650, 650, 650, 650, 650, 650,
	650, 650, 650, 650, 650, 650, 650, 650, 650, 650, 650, 650, 650, 650, 650, 650, 650, 650, 650, 650, 650, 650, 650, 650, 650, 650, 650, 650, 650, 650, 650, 650,
	650, 650, 650, 650, 650, 650, 650, 650, 650, 650, 650, 650, 650, 650, 650, 650, 650, 650, 650, 650, 650, 650, 650, 650, 650, 650, 650, 650, 650, 650, 650, 650,
	650, 650, 650, 650, 650, 650, 650, 650, 650, 650, 650, 650, 650, 650, 650, 650, 650, 650, 650, 650, 650, 650, 650, 650, 650, 650, 650, 650, 650, 650, 650, 650,
	650, 650, 650, 650, 650, 650, 650, 650, 650, 650, 650, 650, 650, 650, 650, 650, 650, 650, 650, 650, 650, 650, 650, 650, 650, 650, 650, 650, 650, 650, 650, 650,
	650, 650, 650, 650, 650, 650, 650, 650, 650, 650, 650, 650, 650, 650, 650, 650, 650, 650, 650, 650, 650, 650, 650, 650, 650, 650, 650, 650, 650, 650, 650, 650,
	650, 650, 650, 650, 650, 650, 650, 650, 650, 650, 650, 650, 650, 650, 650, 650, 650, 650, 650, 650, 650, 650, 650, 650, 650, 650, 650, 650, 650, 650, 650, 650,
	650, 650, 650, 650, 650, 650, 650, 650, 650, 650, 650, 650, 650, 650, 650, 650, 650, 650, 650, 650, 650, 650, 650, 650, 650, 650, 650, 650, 650, 650, 650, 650,
	650, 650, 650, 650, 650, 650, 650, 650, 650, 650, 650, 650, 650, 650, 650, 650, 650, 650, 650, 650, 650, 650, 650, 650, 650, 650, 650, 650, 650, 650, 650, 650,
	650, 650, 650, 650, 650, 650, 650, 650, 650, 650, 650, 650, 650, 650, 650, 650, 650, 650, 650, 650, 650, 650, 650, 650, 650, 650, 650, 650, 650, 650, 650, 650,
	650, 650, 650, 650, 650, 650, 650, 650, 650, 650, 650, 650, 650, 650, 650, 650, 650, 650, 650, 650, 650, 650, 650, 650, 650, 650, 650, 650, 650, 650, 650, 650,
	650, 650, 650, 650, 650, 650, 650, 650, 650, 650, 650, 650, 650, 650, 650, 650, 650, 650, 650, 650, 650, 650, 650, 650, 650, 650, 650, 650, 650, 650, 650, 650,
	650, 650, 650, 650, 650, 650, 650, 650, 650, 650, 650, 650, 650, 650, 650, 650, 650, 650, 650, 650, 650, 650, 650, 650, 650, 650, 650, 650, 650, 650, 650, 650,
	650, 650, 650, 650, 650, 650, 650, 650, 650, 650, 650, 650, 650, 650, 650, 650, 650, 650, 650, 650, 650, 650, 650, 650, 650, 650, 650, 650, 650, 650, 650, 650,
	650, 650, 650, 650, 650, 650, 650, 650, 650, 650, 650, 650, 650, 650, 650, 650, 650, 650, 650, 650, 650, 650, 650, 650, 650, 650, 650, 650, 650, 650, 650, 650,
	650, 650, 650, 650, 650, 650, 650, 650, 650, 650, 650, 650, 650, 650, 650, 650, 650, 650, 650, 650, 650, 650, 650, 650, 650, 650, 650, 650, 650, 650, 650, 650,
	650, 650, 650, 650, 650, 650, 650, 650, 650, 650, 650, 650, 650, 650, 650, 650, 650, 650, 650, 650, 650, 650, 650, 650, 650, 650, 650, 650, 650, 650, 650, 650,
	650, 650, 650, 650, 650, 650, 650, 650, 650, 650, 650, 650, 650, 650, 650, 650, 650, 650, 650, 650, 650, 650, 650, 650, 650, 650, 650, 650, 650, 650, 650, 650,
	650, 650, 650, 650, 650, 650, 650, 650, 650, 650, 650, 650, 650, 650, 650, 650, 650, 650, 650, 650, 650, 650, 650, 650, 650, 650, 650, 650, 650, 650, 650, 650,
	650, 650, 650, 650, 650, 650, 650, 650, 650, 650, 650, 650, 650, 650, 650, 650, 650, 650, 650, 650, 650, 650, 650, 650, 650, 650, 650, 650, 650, 650, 650, 650,
	650, 650, 650, 650, 650, 650, 650, 650, 650, 650, 650, 650, 650, 650, 650, 650, 650, 650, 650, 650, 650, 650, 650, 650, 650, 650, 650, 650, 650, 650, 650, 650,
	650, 650, 650, 650, 650, 650, 650, 650, 650, 650, 650, 650, 650, 650, 650, 650, 650, 650, 650, 650, 650, 650, 650, 650, 650, 650, 650, 650, 650, 650, 650, 650,
	650, 650, 650, 650, 650, 650, 650, 650, 650, 650, 650, 650, 650, 650, 650, 650, 650, 650, 650, 650, 650, 650, 650, 650, 650, 650, 650, 650, 650, 650, 650, 650,
	650, 650, 650, 650, 650, 650, 650, 650, 650, 650, 650, 650, 650, 650, 650, 650, 650, 650, 650, 650, 650, 650, 650, 650, 650, 650, 650, 650, 650, 650, 650, 650,
	650, 650, 650, 650, 650, 650, 650, 650, 650, 650, 650, 650, 650, 650, 650, 650, 650, 650, 650, 650, 650, 650, 650, 650, 650, 650, 650, 650, 650, 650, 650, 650,
	650, 650, 650, 650, 650, 650, 650, 650, 650, 650, 650, 650, 650, 650, 650, 650, 650, 650, 650, 650, 650, 650, 650, 650, 650, 650, 650, 650, 650, 650, 650, 650,
	650, 650, 650, 650, 650, 650, 650, 650, 650, 650, 650, 650, 650, 650, 650, 650, 650, 650, 650, 650, 650, 650, 650, 650, 650, 650, 650, 650, 650, 650, 650, 650,
	650, 650, 650, 650, 650, 650, 650, 650, 650, 650, 650, 650, 650, 650, 650, 650, 650, 650, 650, 650, 650, 650, 650, 650, 650, 650, 650, 650, 650, 650, 650, 650,
	650, 650, 650, 650, 650, 650, 650, 650, 650, 650, 650, 650, 650, 650, 650, 650, 650, 650, 650, 650, 650, 650, 650, 650, 650, 650, 650, 650, 650, 650, 650, 650,
	650, 650, 650, 650, 650, 650, 650, 650, 650, 650, 650, 650, 650, 650, 650, 650, 650, 650, 650, 650, 650, 650, 650, 650, 650, 650, 650, 650, 650, 650, 650, 650,
	650, 650, 650, 650, 650, 650, 650, 650, 650, 650, 650, 650, 650, 650, 650, 650, 650, 650, 650, 650, 650, 650, 650, 650, 650, 650, 650, 650, 650, 650, 650, 650,
};

RT78FullRawCapUpperLimit_LPWG = {
	3800, 3800, 3800, 3800, 3800, 3800, 3800, 3800, 3800, 3800, 3800, 3800, 3800, 3800, 3800, 3800, 3800, 3800, 3800, 3800, 3800, 3800, 3800, 3800, 3800, 3800, 3800, 3800, 3800, 3800, 3800, 3800,
	3800, 3800, 3800, 3800, 3800, 3800, 3800, 3800, 3800, 3800, 3800, 3800, 3800, 3800, 3800, 3800, 3800, 3800, 3800, 3800, 3800, 3800, 3800, 3800, 3800, 3800, 3800, 3800, 3800, 3800, 3800, 3800,
	3800, 3800, 3800, 3800, 3800, 3800, 3800, 3800, 3800, 3800, 3800, 3800, 3800, 3800, 3800, 3800, 3800, 3800, 3800, 3800, 3800, 3800, 3800, 3800, 3800, 3800, 3800, 3800, 3800, 3800, 3800, 3800,
	3800, 3800, 3800, 3800, 3800, 3800, 3800, 3800, 3800, 3800, 3800, 3800, 3800, 3800, 3800, 3800, 3800, 3800, 3800, 3800, 3800, 3800, 3800, 3800, 3800, 3800, 3800, 3800, 3800, 3800, 3800, 3800,
	3800, 3800, 3800, 3800, 3800, 3800, 3800, 3800, 3800, 3800, 3800, 3800, 3800, 3800, 3800, 3800, 3800, 3800, 3800, 3800, 3800, 3800, 3800, 3800, 3800, 3800, 3800, 3800, 3800, 3800, 3800, 3800,
	3800, 3800, 3800, 3800, 3800, 3800, 3800, 3800, 3800, 3800, 3800, 3800, 3800, 3800, 3800, 3800, 3800, 3800, 3800, 3800, 3800, 3800, 3800, 3800, 3800, 3800, 3800, 3800, 3800, 3800, 3800, 3800,
	3800, 3800, 3800, 3800, 3800, 3800, 3800, 3800, 3800, 3800, 3800, 3800, 3800, 3800, 3800, 3800, 3800, 3800, 3800, 3800, 3800, 3800, 3800, 3800, 3800, 3800, 3800, 3800, 3800, 3800, 3800, 3800,
	3800, 3800, 3800, 3800, 3800, 3800, 3800, 3800, 3800, 3800, 3800, 3800, 3800, 3800, 3800, 3800, 3800, 3800, 3800, 3800, 3800, 3800, 3800, 3800, 3800, 3800, 3800, 3800, 3800, 3800, 3800, 3800,
	3800, 3800, 3800, 3800, 3800, 3800, 3800, 3800, 3800, 3800, 3800, 3800, 3800, 3800, 3800, 3800, 3800, 3800, 3800, 3800, 3800, 3800, 3800, 3800, 3800, 3800, 3800, 3800, 3800, 3800, 3800, 3800,
	3800, 3800, 3800, 3800, 3800, 3800, 3800, 3800, 3800, 3800, 3800, 3800, 3800, 3800, 3800, 3800, 3800, 3800, 3800, 3800, 3800, 3800, 3800, 3800, 3800, 3800, 3800, 3800, 3800, 3800, 3800, 3800,
	3800, 3800, 3800, 3800, 3800, 3800, 3800, 3800, 3800, 3800, 3800, 3800, 3800, 3800, 3800, 3800, 3800, 3800, 3800, 3800, 3800, 3800, 3800, 3800, 3800, 3800, 3800, 3800, 3800, 3800, 3800, 3800,
	3800, 3800, 3800, 3800, 3800, 3800, 3800, 3800, 3800, 3800, 3800, 3800, 3800, 3800, 3800, 3800, 3800, 3800, 3800, 3800, 3800, 3800, 3800, 3800, 3800, 3800, 3800, 3800, 3800, 3800, 3800, 3800,
	3800, 3800, 3800, 3800, 3800, 3800, 3800, 3800, 3800, 3800, 3800, 3800, 3800, 3800, 3800, 3800, 3800, 3800, 3800, 3800, 3800, 3800, 3800, 3800, 3800, 3800, 3800, 3800, 3800, 3800, 3800, 3800,
	3800, 3800, 3800, 3800, 3800, 3800, 3800, 3800, 3800, 3800, 3800, 3800, 3800, 3800, 3800, 3800, 3800, 3800, 3800, 3800, 3800, 3800, 3800, 3800, 3800, 3800, 3800, 3800, 3800, 3800, 3800, 3800,
	3800, 3800, 3800, 3800, 3800, 3800, 3800, 3800, 3800, 3800, 3800, 3800, 3800, 3800, 3800, 3800, 3800, 3800, 3800, 3800, 3800, 3800, 3800, 3800, 3800, 3800, 3800, 3800, 3800, 3800, 3800, 3800,
	3800, 3800, 3800, 3800, 3800, 3800, 3800, 3800, 3800, 3800, 3800, 3800, 3800, 3800, 3800, 3800, 3800, 3800, 3800, 3800, 3800, 3800, 3800, 3800, 3800, 3800, 3800, 3800, 3800, 3800, 3800, 3800,
	3800, 3800, 3800, 3800, 3800, 3800, 3800, 3800, 3800, 3800, 3800, 3800, 3800, 3800, 3800, 3800, 3800, 3800, 3800, 3800, 3800, 3800, 3800, 3800, 3800, 3800, 3800, 3800, 3800, 3800, 3800, 3800,
	3800, 3800, 3800, 3800, 3800, 3800, 3800, 3800, 3800, 3800, 3800, 3800, 3800, 3800, 3800, 3800, 3800, 3800, 3800, 3800, 3800, 3800, 3800, 3800, 3800, 3800, 3800, 3800, 3800, 3800, 3800, 3800,
	3800, 3800, 3800, 3800, 3800, 3800, 3800, 3800, 3800, 3800, 3800, 3800, 3800, 3800, 3800, 3800, 3800, 3800, 3800, 3800, 3800, 3800, 3800, 3800, 3800, 3800, 3800, 3800, 3800, 3800, 3800, 3800,
	3800, 3800, 3800, 3800, 3800, 3800, 3800, 3800, 3800, 3800, 3800, 3800, 3800, 3800, 3800, 3800, 3800, 3800, 3800, 3800, 3800, 3800, 3800, 3800, 3800, 3800, 3800, 3800, 3800, 3800, 3800, 3800,
	3800, 3800, 3800, 3800, 3800, 3800, 3800, 3800, 3800, 3800, 3800, 3800, 3800, 3800, 3800, 3800, 3800, 3800, 3800, 3800, 3800, 3800, 3800, 3800, 3800, 3800, 3800, 3800, 3800, 3800, 3800, 3800,
	3800, 3800, 3800, 3800, 3800, 3800, 3800, 3800, 3800, 3800, 3800, 3800, 3800, 3800, 3800, 3800, 3800, 3800, 3800, 3800, 3800, 3800, 3800, 3800, 3800, 3800, 3800, 3800, 3800, 3800, 3800, 3800,
	3800, 3800, 3800, 3800, 3800, 3800, 3800, 3800, 3800, 3800, 3800, 3800, 3800, 3800, 3800, 3800, 3800, 3800, 3800, 3800, 3800, 3800, 3800, 3800, 3800, 3800, 3800, 3800, 3800, 3800, 3800, 3800,
	3800, 3800, 3800, 3800, 3800, 3800, 3800, 3800, 3800, 3800, 3800, 3800, 3800, 3800, 3800, 3800, 3800, 3800, 3800, 3800, 3800, 3800, 3800, 3800, 3800, 3800, 3800, 3800, 3800, 3800, 3800, 3800,
	3800, 3800, 3800, 3800, 3800, 3800, 3800, 3800, 3800, 3800, 3800, 3800, 3800, 3800, 3800, 3800, 3800, 3800, 3800, 3800, 3800, 3800, 3800, 3800, 3800, 3800, 3800, 3800, 3800, 3800, 3800, 3800,
	3800, 3800, 3800, 3800, 3800, 3800, 3800, 3800, 3800, 3800, 3800, 3800, 3800, 3800, 3800, 3800, 3800, 3800, 3800, 3800, 3800, 3800, 3800, 3800, 3800, 3800, 3800, 3800, 3800, 3800, 3800, 3800,
	3800, 3800, 3800, 3800, 3800, 3800, 3800, 3800, 3800, 3800, 3800, 3800, 3800, 3800, 3800, 3800, 3800, 3800, 3800, 3800, 3800, 3800, 3800, 3800, 3800, 3800, 3800, 3800, 3800, 3800, 3800, 3800,
	3800, 3800, 3800, 3800, 3800, 3800, 3800, 3800, 3800, 3800, 3800, 3800, 3800, 3800, 3800, 3800, 3800, 3800, 3800, 3800, 3800, 3800, 3800, 3800, 3800, 3800, 3800, 3800, 3800, 3800, 3800, 3800,
	3800, 3800, 3800, 3800, 3800, 3800, 3800, 3800, 3800, 3800, 3800, 3800, 3800, 3800, 3800, 3800, 3800, 3800, 3800, 3800, 3800, 3800, 3800, 3800, 3800, 3800, 3800, 3800, 3800, 3800, 3800, 3800,
	3800, 3800, 3800, 3800, 3800, 3800, 3800, 3800, 3800, 3800, 3800, 3800, 3800, 3800, 3800, 3800, 3800, 3800, 3800, 3800, 3800, 3800, 3800, 3800, 3800, 3800, 3800, 3800, 3800, 3800, 3800, 3800,
	3800, 3800, 3800, 3800, 3800, 3800, 3800, 3800, 3800, 3800, 3800, 3800, 3800, 3800, 3800, 3800, 3800, 3800, 3800, 3800, 3800, 3800, 3800, 3800, 3800, 3800, 3800, 3800, 3800, 3800, 3800, 3800,
	3800, 3800, 3800, 3800, 3800, 3800, 3800, 3800, 3800, 3800, 3800, 3800, 3800, 3800, 3800, 3800, 3800, 3800, 3800, 3800, 3800, 3800, 3800, 3800, 3800, 3800, 3800, 3800, 3800, 3800, 3800, 3800,
};

RT78FullRawCapLowerLimit_LPWG = {
	650, 650, 650, 650, 650, 650, 650, 650, 650, 650, 650, 650, 650, 650, 650, 650, 650, 650, 650, 650, 650, 650, 650, 650, 650, 650, 650, 650, 650, 650, 650, 650,
	650, 650, 650, 650, 650, 650, 650, 650, 650, 650, 650, 650, 650, 650, 650, 650, 650, 650, 650, 650, 650, 650, 650, 650, 650, 650, 650, 650, 650, 650, 650, 650,
	650, 650, 650, 650, 650, 650, 650, 650, 650, 650, 650, 650, 650, 650, 650, 650, 650, 650, 650, 650, 650, 650, 650, 650, 650, 650, 650, 650, 650, 650, 650, 650,
	650, 650, 650, 650, 650, 650, 650, 650, 650, 650, 650, 650, 650, 650, 650, 650, 650, 650, 650, 650, 650, 650, 650, 650, 650, 650, 650, 650, 650, 650, 650, 650,
	650, 650, 650, 650, 650, 650, 650, 650, 650, 650, 650, 650, 650, 650, 650, 650, 650, 650, 650, 650, 650, 650, 650, 650, 650, 650, 650, 650, 650, 650, 650, 650,
	650, 650, 650, 650, 650, 650, 650, 650, 650, 650, 650, 650, 650, 650, 650, 650, 650, 650, 650, 650, 650, 650, 650, 650, 650, 650, 650, 650, 650, 650, 650, 650,
	650, 650, 650, 650, 650, 650, 650, 650, 650, 650, 650, 650, 650, 650, 650, 650, 650, 650, 650, 650, 650, 650, 650, 650, 650, 650, 650, 650, 650, 650, 650, 650,
	650, 650, 650, 650, 650, 650, 650, 650, 650, 650, 650, 650, 650, 650, 650, 650, 650, 650, 650, 650, 650, 650, 650, 650, 650, 650, 650, 650, 650, 650, 650, 650,
	650, 650, 650, 650, 650, 650, 650, 650, 650, 650, 650, 650, 650, 650, 650, 650, 650, 650, 650, 650, 650, 650, 650, 650, 650, 650, 650, 650, 650, 650, 650, 650,
	650, 650, 650, 650, 650, 650, 650, 650, 650, 650, 650, 650, 650, 650, 650, 650, 650, 650, 650, 650, 650, 650, 650, 650, 650, 650, 650, 650, 650, 650, 650, 650,
	650, 650, 650, 650, 650, 650, 650, 650, 650, 650, 650, 650, 650, 650, 650, 650, 650, 650, 650, 650, 650, 650, 650, 650, 650, 650, 650, 650, 650, 650, 650, 650,
	650, 650, 650, 650, 650, 650, 650, 650, 650, 650, 650, 650, 650, 650, 650, 650, 650, 650, 650, 650, 650, 650, 650, 650, 650, 650, 650, 650, 650, 650, 650, 650,
	650, 650, 650, 650, 650, 650, 650, 650, 650, 650, 650, 650, 650, 650, 650, 650, 650, 650, 650, 650, 650, 650, 650, 650, 650, 650, 650, 650, 650, 650, 650, 650,
	650, 650, 650, 650, 650, 650, 650, 650, 650, 650, 650, 650, 650, 650, 650, 650, 650, 650, 650, 650, 650, 650, 650, 650, 650, 650, 650, 650, 650, 650, 650, 650,
	650, 650, 650, 650, 650, 650, 650, 650, 650, 650, 650, 650, 650, 650, 650, 650, 650, 650, 650, 650, 650, 650, 650, 650, 650, 650, 650, 650, 650, 650, 650, 650,
	650, 650, 650, 650, 650, 650, 650, 650, 650, 650, 650, 650, 650, 650, 650, 650, 650, 650, 650, 650, 650, 650, 650, 650, 650, 650, 650, 650, 650, 650, 650, 650,
	650, 650, 650, 650, 650, 650, 650, 650, 650, 650, 650, 650, 650, 650, 650, 650, 650, 650, 650, 650, 650, 650, 650, 650, 650, 650, 650, 650, 650, 650, 650, 650,
	650, 650, 650, 650, 650, 650, 650, 650, 650, 650, 650, 650, 650, 650, 650, 650, 650, 650, 650, 650, 650, 650, 650, 650, 650, 650, 650, 650, 650, 650, 650, 650,
	650, 650, 650, 650, 650, 650, 650, 650, 650, 650, 650, 650, 650, 650, 650, 650, 650, 650, 650, 650, 650, 650, 650, 650, 650, 650, 650, 650, 650, 650, 650, 650,
	650, 650, 650, 650, 650, 650, 650, 650, 650, 650, 650, 650, 650, 650, 650, 650, 650, 650, 650, 650, 650, 650, 650, 650, 650, 650, 650, 650, 650, 650, 650, 650,
	650, 650, 650, 650, 650, 650, 650, 650, 650, 650, 650, 650, 650, 650, 650, 650, 650, 650, 650, 650, 650, 650, 650, 650, 650, 650, 650, 650, 650, 650, 650, 650,
	650, 650, 650, 650, 650, 650, 650, 650, 650, 650, 650, 650, 650, 650, 650, 650, 650, 650, 650, 650, 650, 650, 650, 650, 650, 650, 650, 650, 650, 650, 650, 650,
	650, 650, 650, 650, 650, 650, 650, 650, 650, 650, 650, 650, 650, 650, 650, 650, 650, 650, 650, 650, 650, 650, 650, 650, 650, 650, 650, 650, 650, 650, 650, 650,
	650, 650, 650, 650, 650, 650, 650, 650, 650, 650, 650, 650, 650, 650, 650, 650, 650, 650, 650, 650, 650, 650, 650, 650, 650, 650, 650, 650, 650, 650, 650, 650,
	650, 650, 650, 650, 650, 650, 650, 650, 650, 650, 650, 650, 650, 650, 650, 650, 650, 650, 650, 650, 650, 650, 650, 650, 650, 650, 650, 650, 650, 650, 650, 650,
	650, 650, 650, 650, 650, 650, 650, 650, 650, 650, 650, 650, 650, 650, 650, 650, 650, 650, 650, 650, 650, 650, 650, 650, 650, 650, 650, 650, 650, 650, 650, 650,
	650, 650, 650, 650, 650, 650, 650, 650, 650, 650, 650, 650, 650, 650, 650, 650, 650, 650, 650, 650, 650, 650, 650, 650, 650, 650, 650, 650, 650, 650, 650, 650,
	650, 650, 650, 650, 650, 650, 650, 650, 650, 650, 650, 650, 650, 650, 650, 650, 650, 650, 650, 650, 650, 650, 650, 650, 650, 650, 650, 650, 650, 650, 650, 650,
	650, 650, 650, 650, 650, 650, 650, 650, 650, 650, 650, 650, 650, 650, 650, 650, 650, 650, 650, 650, 650, 650, 650, 650, 650, 650, 650, 650, 650, 650, 650, 650,
	650, 650, 650, 650, 650, 650, 650, 650, 650, 650, 650, 650, 650, 650, 650, 650, 650, 650, 650, 650, 650, 650, 650, 650, 650, 650, 650, 650, 650, 650, 650, 650,
	650, 650, 650, 650, 650, 650, 650, 650, 650, 650, 650, 650, 650, 650, 650, 650, 650, 650, 650, 650, 650, 650, 650, 650, 650, 650, 650, 650, 650, 650, 650, 650,
	650, 650, 650, 650, 650, 650, 650, 650, 650, 650, 650, 650, 650, 650, 650, 650, 650, 650, 650, 650, 650, 650, 650, 650, 650, 650, 650, 650, 650, 650, 650, 650,
};

RT78ElectodeShortUpperLimit = {
	4000, 4000, 4000, 4000, 4000, 4000, 4000, 4000, 4000, 4000, 4000, 4000, 4000, 4000, 4000, 4000, 4000, 4000, 4000, 4000, 4000, 4000, 4000, 4000, 4000, 4000, 4000, 4000, 4000, 4000, 4000, 4000,
	4000, 4000, 4000, 4000, 4000, 4000, 4000, 4000, 4000, 4000, 4000, 4000, 4000, 4000, 4000, 4000, 4000, 4000, 4000, 4000, 4000, 4000, 4000, 4000, 4000, 4000, 4000, 4000, 4000, 4000, 4000, 4000,
	4000, 4000, 4000, 4000, 4000, 4000, 4000, 4000, 4000, 4000, 4000, 4000, 4000, 4000, 4000, 4000, 4000, 4000, 4000, 4000, 4000, 4000, 4000, 4000, 4000, 4000, 4000, 4000, 4000, 4000, 4000, 4000,
	4000, 4000, 4000, 4000, 4000, 4000, 4000, 4000, 4000, 4000, 4000, 4000, 4000, 4000, 4000, 4000, 4000, 4000, 4000, 4000, 4000, 4000, 4000, 4000, 4000, 4000, 4000, 4000, 4000, 4000, 4000, 4000,
	4000, 4000, 4000, 4000, 4000, 4000, 4000, 4000, 4000, 4000, 4000, 4000, 4000, 4000, 4000, 4000, 4000, 4000, 4000, 4000, 4000, 4000, 4000, 4000, 4000, 4000, 4000, 4000, 4000, 4000, 4000, 4000,
	4000, 4000, 4000, 4000, 4000, 4000, 4000, 4000, 4000, 4000, 4000, 4000, 4000, 4000, 4000, 4000, 4000, 4000, 4000, 4000, 4000, 4000, 4000, 4000, 4000, 4000, 4000, 4000, 4000, 4000, 4000, 4000,
	4000, 4000, 4000, 4000, 4000, 4000, 4000, 4000, 4000, 4000, 4000, 4000, 4000, 4000, 4000, 4000, 4000, 4000, 4000, 4000, 4000, 4000, 4000, 4000, 4000, 4000, 4000, 4000, 4000, 4000, 4000, 4000,
	4000, 4000, 4000, 4000, 4000, 4000, 4000, 4000, 4000, 4000, 4000, 4000, 4000, 4000, 4000, 4000, 4000, 4000, 4000, 4000, 4000, 4000, 4000, 4000, 4000, 4000, 4000, 4000, 4000, 4000, 4000, 4000,
	4000, 4000, 4000, 4000, 4000, 4000, 4000, 4000, 4000, 4000, 4000, 4000, 4000, 4000, 4000, 4000, 4000, 4000, 4000, 4000, 4000, 4000, 4000, 4000, 4000, 4000, 4000, 4000, 4000, 4000, 4000, 4000,
	4000, 4000, 4000, 4000, 4000, 4000, 4000, 4000, 4000, 4000, 4000, 4000, 4000, 4000, 4000, 4000, 4000, 4000, 4000, 4000, 4000, 4000, 4000, 4000, 4000, 4000, 4000, 4000, 4000, 4000, 4000, 4000,
	4000, 4000, 4000, 4000, 4000, 4000, 4000, 4000, 4000, 4000, 4000, 4000, 4000, 4000, 4000, 4000, 4000, 4000, 4000, 4000, 4000, 4000, 4000, 4000, 4000, 4000, 4000, 4000, 4000, 4000, 4000, 4000,
	4000, 4000, 4000, 4000, 4000, 4000, 4000, 4000, 4000, 4000, 4000, 4000, 4000, 4000, 4000, 4000, 4000, 4000, 4000, 4000, 4000, 4000, 4000, 4000, 4000, 4000, 4000, 4000, 4000, 4000, 4000, 4000,
	4000, 4000, 4000, 4000, 4000, 4000, 4000, 4000, 4000, 4000, 4000, 4000, 4000, 4000, 4000, 4000, 4000, 4000, 4000, 4000, 4000, 4000, 4000, 4000, 4000, 4000, 4000, 4000, 4000, 4000, 4000, 4000,
	4000, 4000, 4000, 4000, 4000, 4000, 4000, 4000, 4000, 4000, 4000, 4000, 4000, 4000, 4000, 4000, 4000, 4000, 4000, 4000, 4000, 4000, 4000, 4000, 4000, 4000, 4000, 4000, 4000, 4000, 4000, 4000,
	4000, 4000, 4000, 4000, 4000, 4000, 4000, 4000, 4000, 4000, 4000, 4000, 4000, 4000, 4000, 4000, 4000, 4000, 4000, 4000, 4000, 4000, 4000, 4000, 4000, 4000, 4000, 4000, 4000, 4000, 4000, 4000,
	4000, 4000, 4000, 4000, 4000, 4000, 4000, 4000, 4000, 4000, 4000, 4000, 4000, 4000, 4000, 4000, 4000, 4000, 4000, 4000, 4000, 4000, 4000, 4000, 4000, 4000, 4000, 4000, 4000, 4000, 4000, 4000,
	4000, 4000, 4000, 4000, 4000, 4000, 4000, 4000, 4000, 4000, 4000, 4000, 4000, 4000, 4000, 4000, 4000, 4000, 4000, 4000, 4000, 4000, 4000, 4000, 4000, 4000, 4000, 4000, 4000, 4000, 4000, 4000,
	4000, 4000, 4000, 4000, 4000, 4000, 4000, 4000, 4000, 4000, 4000, 4000, 4000, 4000, 4000, 4000, 4000, 4000, 4000, 4000, 4000, 4000, 4000, 4000, 4000, 4000, 4000, 4000, 4000, 4000, 4000, 4000,
	4000, 4000, 4000, 4000, 4000, 4000, 4000, 4000, 4000, 4000, 4000, 4000, 4000, 4000, 4000, 4000, 4000, 4000, 4000, 4000, 4000, 4000, 4000, 4000, 4000, 4000, 4000, 4000, 4000, 4000, 4000, 4000,
	4000, 4000, 4000, 4000, 4000, 4000, 4000, 4000, 4000, 4000, 4000, 4000, 4000, 4000, 4000, 4000, 4000, 4000, 4000, 4000, 4000, 4000, 4000, 4000, 4000, 4000, 4000, 4000, 4000, 4000, 4000, 4000,
	4000, 4000, 4000, 4000, 4000, 4000, 4000, 4000, 4000, 4000, 4000, 4000, 4000, 4000, 4000, 4000, 4000, 4000, 4000, 4000, 4000, 4000, 4000, 4000, 4000, 4000, 4000, 4000, 4000, 4000, 4000, 4000,
	4000, 4000, 4000, 4000, 4000, 4000, 4000, 4000, 4000, 4000, 4000, 4000, 4000, 4000, 4000, 4000, 4000, 4000, 4000, 4000, 4000, 4000, 4000, 4000, 4000, 4000, 4000, 4000, 4000, 4000, 4000, 4000,
	4000, 4000, 4000, 4000, 4000, 4000, 4000, 4000, 4000, 4000, 4000, 4000, 4000, 4000, 4000, 4000, 4000, 4000, 4000, 4000, 4000, 4000, 4000, 4000, 4000, 4000, 4000, 4000, 4000, 4000, 4000, 4000,
	4000, 4000, 4000, 4000, 4000, 4000, 4000, 4000, 4000, 4000, 4000, 4000, 4000, 4000, 4000, 4000, 4000, 4000, 4000, 4000, 4000, 4000, 4000, 4000, 4000, 4000, 4000, 4000, 4000, 4000, 4000, 4000,
	4000, 4000, 4000, 4000, 4000, 4000, 4000, 4000, 4000, 4000, 4000, 4000, 4000, 4000, 4000, 4000, 4000, 4000, 4000, 4000, 4000, 4000, 4000, 4000, 4000, 4000, 4000, 4000, 4000, 4000, 4000, 4000,
	4000, 4000, 4000, 4000, 4000, 4000, 4000, 4000, 4000, 4000, 4000, 4000, 4000, 4000, 4000, 4000, 4000, 4000, 4000, 4000, 4000, 4000, 4000, 4000, 4000, 4000, 4000, 4000, 4000, 4000, 4000, 4000,
	4000, 4000, 4000, 4000, 4000, 4000, 4000, 4000, 4000, 4000, 4000, 4000, 4000, 4000, 4000, 4000, 4000, 4000, 4000, 4000, 4000, 4000, 4000, 4000, 4000, 4000, 4000, 4000, 4000, 4000, 4000, 4000,
	4000, 4000, 4000, 4000, 4000, 4000, 4000, 4000, 4000, 4000, 4000, 4000, 4000, 4000, 4000, 4000, 4000, 4000, 4000, 4000, 4000, 4000, 4000, 4000, 4000, 4000, 4000, 4000, 4000, 4000, 4000, 4000,
	4000, 4000, 4000, 4000, 4000, 4000, 4000, 4000, 4000, 4000, 4000, 4000, 4000, 4000, 4000, 4000, 4000, 4000, 4000, 4000, 4000, 4000, 4000, 4000, 4000, 4000, 4000, 4000, 4000, 4000, 4000, 4000,
	4000, 4000, 4000, 4000, 4000, 4000, 4000, 4000, 4000, 4000, 4000, 4000, 4000, 4000, 4000, 4000, 4000, 4000, 4000, 4000, 4000, 4000, 4000, 4000, 4000, 4000, 4000, 4000, 4000, 4000, 4000, 4000,
	4000, 4000, 4000, 4000, 4000, 4000, 4000, 4000, 4000, 4000, 4000, 4000, 4000, 4000, 4000, 4000, 4000, 4000, 4000, 4000, 4000, 4000, 4000, 4000, 4000, 4000, 4000, 4000, 4000, 4000, 4000, 4000,
	4000, 4000, 4000, 4000, 4000, 4000, 4000, 4000, 4000, 4000, 4000, 4000, 4000, 4000, 4000, 4000, 4000, 4000, 4000, 4000, 4000, 4000, 4000, 4000, 4000, 4000, 4000, 4000, 4000, 4000, 4000, 4000,
};

RT78ElectodeShortLowerLimit = {
	0, 0, 0, 0, 0, 0, 0, 0, 0, 0, 0, 0, 0, 0, 0, 0, 0, 0, 0, 0, 0, 0, 0, 0, 0, 0, 0, 0, 0, 0, 0, 0,
	0, 0, 0, 0, 0, 0, 0, 0, 0, 0, 0, 0, 0, 0, 0, 0, 0, 0, 0, 0, 0, 0, 0, 0, 0, 0, 0, 0, 0, 0, 0, 0,
	0, 0, 0, 0, 0, 0, 0, 0, 0, 0, 0, 0, 0, 0, 0, 0, 0, 0, 0, 0, 0, 0, 0, 0, 0, 0, 0, 0, 0, 0, 0, 0,
	0, 0, 0, 0, 0, 0, 0, 0, 0, 0, 0, 0, 0, 0, 0, 0, 0, 0, 0, 0, 0, 0, 0, 0, 0, 0, 0, 0, 0, 0, 0, 0,
	0, 0, 0, 0, 0, 0, 0, 0, 0, 0, 0, 0, 0, 0, 0, 0, 0, 0, 0, 0, 0, 0, 0, 0, 0, 0, 0, 0, 0, 0, 0, 0,
	0, 0, 0, 0, 0, 0, 0, 0, 0, 0, 0, 0, 0, 0, 0, 0, 0, 0, 0, 0, 0, 0, 0, 0, 0, 0, 0, 0, 0, 0, 0, 0,
	0, 0, 0, 0, 0, 0, 0, 0, 0, 0, 0, 0, 0, 0, 0, 0, 0, 0, 0, 0, 0, 0, 0, 0, 0, 0, 0, 0, 0, 0, 0, 0,
	0, 0, 0, 0, 0, 0, 0, 0, 0, 0, 0, 0, 0, 0, 0, 0, 0, 0, 0, 0, 0, 0, 0, 0, 0, 0, 0, 0, 0, 0, 0, 0,
	0, 0, 0, 0, 0, 0, 0, 0, 0, 0, 0, 0, 0, 0, 0, 0, 0, 0, 0, 0, 0, 0, 0, 0, 0, 0, 0, 0, 0, 0, 0, 0,
	0, 0, 0, 0, 0, 0, 0, 0, 0, 0, 0, 0, 0, 0, 0, 0, 0, 0, 0, 0, 0, 0, 0, 0, 0, 0, 0, 0, 0, 0, 0, 0,
	0, 0, 0, 0, 0, 0, 0, 0, 0, 0, 0, 0, 0, 0, 0, 0, 0, 0, 0, 0, 0, 0, 0, 0, 0, 0, 0, 0, 0, 0, 0, 0,
	0, 0, 0, 0, 0, 0, 0, 0, 0, 0, 0, 0, 0, 0, 0, 0, 0, 0, 0, 0, 0, 0, 0, 0, 0, 0, 0, 0, 0, 0, 0, 0,
	0, 0, 0, 0, 0, 0, 0, 0, 0, 0, 0, 0, 0, 0, 0, 0, 0, 0, 0, 0, 0, 0, 0, 0, 0, 0, 0, 0, 0, 0, 0, 0,
	0, 0, 0, 0, 0, 0, 0, 0, 0, 0, 0, 0, 0, 0, 0, 0, 0, 0, 0, 0, 0, 0, 0, 0, 0, 0, 0, 0, 0, 0, 0, 0,
	0, 0, 0, 0, 0, 0, 0, 0, 0, 0, 0, 0, 0, 0, 0, 0, 0, 0, 0, 0, 0, 0, 0, 0, 0, 0, 0, 0, 0, 0, 0, 0,
	0, 0, 0, 0, 0, 0, 0, 0, 0, 0, 0, 0, 0, 0, 0, 0, 0, 0, 0, 0, 0, 0, 0, 0, 0, 0, 0, 0, 0, 0, 0, 0,
	0, 0, 0, 0, 0, 0, 0, 0, 0, 0, 0, 0, 0, 0, 0, 0, 0, 0, 0, 0, 0, 0, 0, 0, 0, 0, 0, 0, 0, 0, 0, 0,
	0, 0, 0, 0, 0, 0, 0, 0, 0, 0, 0, 0, 0, 0, 0, 0, 0, 0, 0, 0, 0, 0, 0, 0, 0, 0, 0, 0, 0, 0, 0, 0,
	0, 0, 0, 0, 0, 0, 0, 0, 0, 0, 0, 0, 0, 0, 0, 0, 0, 0, 0, 0, 0, 0, 0, 0, 0, 0, 0, 0, 0, 0, 0, 0,
	0, 0, 0, 0, 0, 0, 0, 0, 0, 0, 0, 0, 0, 0, 0, 0, 0, 0, 0, 0, 0, 0, 0, 0, 0, 0, 0, 0, 0, 0, 0, 0,
	0, 0, 0, 0, 0, 0, 0, 0, 0, 0, 0, 0, 0, 0, 0, 0, 0, 0, 0, 0, 0, 0, 0, 0, 0, 0, 0, 0, 0, 0, 0, 0,
	0, 0, 0, 0, 0, 0, 0, 0, 0, 0, 0, 0, 0, 0, 0, 0, 0, 0, 0, 0, 0, 0, 0, 0, 0, 0, 0, 0, 0, 0, 0, 0,
	0, 0, 0, 0, 0, 0, 0, 0, 0, 0, 0, 0, 0, 0, 0, 0, 0, 0, 0, 0, 0, 0, 0, 0, 0, 0, 0, 0, 0, 0, 0, 0,
	0, 0, 0, 0, 0, 0, 0, 0, 0, 0, 0, 0, 0, 0, 0, 0, 0, 0, 0, 0, 0, 0, 0, 0, 0, 0, 0, 0, 0, 0, 0, 0,
	0, 0, 0, 0, 0, 0, 0, 0, 0, 0, 0, 0, 0, 0, 0, 0, 0, 0, 0, 0, 0, 0, 0, 0, 0, 0, 0, 0, 0, 0, 0, 0,
	0, 0, 0, 0, 0, 0, 0, 0, 0, 0, 0, 0, 0, 0, 0, 0, 0, 0, 0, 0, 0, 0, 0, 0, 0, 0, 0, 0, 0, 0, 0, 0,
	0, 0, 0, 0, 0, 0, 0, 0, 0, 0, 0, 0, 0, 0, 0, 0, 0, 0, 0, 0, 0, 0, 0, 0, 0, 0, 0, 0, 0, 0, 0, 0,
	0, 0, 0, 0, 0, 0, 0, 0, 0, 0, 0, 0, 0, 0, 0, 0, 0, 0, 0, 0, 0, 0, 0, 0, 0, 0, 0, 0, 0, 0, 0, 0,
	0, 0, 0, 0, 0, 0, 0, 0, 0, 0, 0, 0, 0, 0, 0, 0, 0, 0, 0, 0, 0, 0, 0, 0, 0, 0, 0, 0, 0, 0, 0, 0,
	0, 0, 0, 0, 0, 0, 0, 0, 0, 0, 0, 0, 0, 0, 0, 0, 0, 0, 0, 0, 0, 0, 0, 0, 0, 0, 0, 0, 0, 0, 0, 0,
	0, 0, 0, 0, 0, 0, 0, 0, 0, 0, 0, 0, 0, 0, 0, 0, 0, 0, 0, 0, 0, 0, 0, 0, 0, 0, 0, 0, 0, 0, 0, 0,
	0, 0, 0, 0, 0, 0, 0, 0, 0, 0, 0, 0, 0, 0, 0, 0, 0, 0, 0, 0, 0, 0, 0, 0, 0, 0, 0, 0, 0, 0, 0, 0,
};